[[[[0.9215687  0.91372555 0.9176471 ]
   [0.9215687  0.91372555 0.9176471 ]
   [0.9215687  0.91372555 0.9176471 ]
   ...
   [0.9215687  0.91372555 0.9176471 ]
   [0.9215687  0.91372555 0.9176471 ]
   [0.9215687  0.91372555 0.9176471 ]]

  [[0.9215687  0.91372555 0.9176471 ]
   [0.9215687  0.91372555 0.9176471 ]
   [0.9215687  0.91372555 0.9176471 ]
   ...
   [0.9215687  0.91372555 0.9176471 ]
   [0.9215687  0.91372555 0.9176471 ]
   [0.9215687  0.91372555 0.9176471 ]]

  [[0.9215687  0.91372555 0.9176471 ]
   [0.9215687  0.91372555 0.9176471 ]
   [0.9215687  0.91372555 0.9176471 ]
   ...
   [0.9215687  0.91372555 0.9176471 ]
   [0.9215687  0.91372555 0.9176471 ]
   [0.9215687  0.91372555 0.9176471 ]]

  ...

  [[0.9215687  0.91372555 0.9176471 ]
   [0.9215687  0.91372555 0.9176471 ]
   [0.9215687  0.91372555 0.9176471 ]
   ...
   [0.9215687  0.91372555 0.9176471 ]
   [0.9215687  0.91372555 0.9176471 ]
   [0.9215687  0.91372555 0.9176471 ]]

  [[0.9215687  0.91372555 0.9176471 ]
   [0.9215687  0.91372555 0.9176471 ]
   [0.9215687  0.91372555 0.9176471 ]
   ...
   [0.9215687  0.91372555 0.9176471 ]
   [0.9215687  0.91372555 0.9176471 ]
   [0.9215687  0.91372555 0.9176471 ]]

  [[0.9215687  0.91372555 0.9176471 ]
   [0.9215687  0.91372555 0.9176471 ]
   [0.9215687  0.91372555 0.9176471 ]
   ...
   [0.9215687  0.91372555 0.9176471 ]
   [0.9215687  0.91372555 0.9176471 ]
   [0.9215687  0.91372555 0.9176471 ]]]


 [[[0.9294118  0.92549026 0.9176471 ]
   [0.9294118  0.92549026 0.9176471 ]
   [0.9294118  0.92549026 0.9176471 ]
   ...
   [0.8941177  0.89019614 0.882353  ]
   [0.8941177  0.89019614 0.882353  ]
   [0.8941177  0.89019614 0.882353  ]]

  [[0.9294118  0.92549026 0.9176471 ]
   [0.9294118  0.92549026 0.9176471 ]
   [0.9294118  0.92549026 0.9176471 ]
   ...
   [0.8941177  0.89019614 0.882353  ]
   [0.8941177  0.89019614 0.882353  ]
   [0.8941177  0.89019614 0.882353  ]]

  [[0.9294118  0.92549026 0.9176471 ]
   [0.9294118  0.92549026 0.9176471 ]
   [0.9294118  0.92549026 0.9176471 ]
   ...
   [0.8941177  0.89019614 0.882353  ]
   [0.8941177  0.89019614 0.882353  ]
   [0.8941177  0.89019614 0.882353  ]]

  ...

  [[0.90196085 0.8980393  0.89019614]
   [0.90196085 0.8980393  0.89019614]
   [0.90196085 0.8980393  0.89019614]
   ...
   [0.90196085 0.8980393  0.89019614]
   [0.90196085 0.8980393  0.89019614]
   [0.90196085 0.8980393  0.89019614]]

  [[0.90196085 0.8980393  0.89019614]
   [0.90196085 0.8980393  0.89019614]
   [0.90196085 0.8980393  0.89019614]
   ...
   [0.90196085 0.8980393  0.89019614]
   [0.90196085 0.8980393  0.89019614]
   [0.90196085 0.8980393  0.89019614]]

  [[0.90196085 0.8980393  0.89019614]
   [0.90196085 0.8980393  0.89019614]
   [0.90196085 0.8980393  0.89019614]
   ...
   [0.90196085 0.8980393  0.89019614]
   [0.90196085 0.8980393  0.89019614]
   [0.90196085 0.8980393  0.89019614]]]


 [[[1.         1.         1.        ]
   [1.         1.         1.        ]
   [1.         1.         1.        ]
   ...
   [1.         1.         1.        ]
   [1.         1.         1.        ]
   [1.         1.         1.        ]]

  [[1.         1.         1.        ]
   [1.         1.         1.        ]
   [1.         1.         1.        ]
   ...
   [1.         1.         1.        ]
   [1.         1.         1.        ]
   [1.         1.         1.        ]]

  [[1.         1.         1.        ]
   [1.         1.         1.        ]
   [1.         1.         1.        ]
   ...
   [1.         1.         1.        ]
   [1.         1.         1.        ]
   [1.         1.         1.        ]]

  ...

  [[1.         1.         1.        ]
   [1.         1.         1.        ]
   [1.         1.         1.        ]
   ...
   [1.         1.         1.        ]
   [1.         1.         1.        ]
   [1.         1.         1.        ]]

  [[1.         1.         1.        ]
   [1.         1.         1.        ]
   [1.         1.         1.        ]
   ...
   [1.         1.         1.        ]
   [1.         1.         1.        ]
   [1.         1.         1.        ]]

  [[1.         1.         1.        ]
   [1.         1.         1.        ]
   [1.         1.         1.        ]
   ...
   [1.         1.         1.        ]
   [1.         1.         1.        ]
   [1.         1.         1.        ]]]


 ...


 [[[0.8745099  0.82745105 0.7725491 ]
   [0.8745099  0.82745105 0.7725491 ]
   [0.8745099  0.82745105 0.7725491 ]
   ...
   [0.8117648  0.7607844  0.69803923]
   [0.8117648  0.7607844  0.69803923]
   [0.8117648  0.7607844  0.69803923]]

  [[0.8745099  0.82745105 0.7725491 ]
   [0.8745099  0.82745105 0.7725491 ]
   [0.8745099  0.82745105 0.7725491 ]
   ...
   [0.8117648  0.7607844  0.69803923]
   [0.8117648  0.7607844  0.69803923]
   [0.8117648  0.7607844  0.69803923]]

  [[0.8745099  0.82745105 0.7725491 ]
   [0.8745099  0.82745105 0.7725491 ]
   [0.8745099  0.82745105 0.7725491 ]
   ...
   [0.8117648  0.7607844  0.69803923]
   [0.8117648  0.7607844  0.69803923]
   [0.8117648  0.7607844  0.69803923]]

  ...

  [[0.8431373  0.7686275  0.7019608 ]
   [0.8431373  0.7686275  0.7019608 ]
   [0.8431373  0.7686275  0.7019608 ]
   ...
   [0.77647066 0.69803923 0.6039216 ]
   [0.77647066 0.69803923 0.6039216 ]
   [0.77647066 0.69803923 0.6039216 ]]

  [[0.83921576 0.76470596 0.69803923]
   [0.83921576 0.76470596 0.69803923]
   [0.83921576 0.76470596 0.69803923]
   ...
   [0.7607844  0.68235296 0.5882353 ]
   [0.7607844  0.68235296 0.5882353 ]
   [0.7607844  0.68235296 0.5882353 ]]

  [[0.8352942  0.7607844  0.69411767]
   [0.8352942  0.7607844  0.69411767]
   [0.8352942  0.7607844  0.69411767]
   ...
   [0.7176471  0.6392157  0.54509807]
   [0.7176471  0.6392157  0.54509807]
   [0.7176471  0.6392157  0.54509807]]]


 [[[0.9058824  0.9058824  0.9058824 ]
   [0.9058824  0.9058824  0.9058824 ]
   [0.9058824  0.9058824  0.9058824 ]
   ...
   [0.9058824  0.9058824  0.9058824 ]
   [0.9058824  0.9058824  0.9058824 ]
   [0.9058824  0.9058824  0.9058824 ]]

  [[0.9058824  0.9058824  0.9058824 ]
   [0.9058824  0.9058824  0.9058824 ]
   [0.9058824  0.9058824  0.9058824 ]
   ...
   [0.9058824  0.9058824  0.9058824 ]
   [0.9058824  0.9058824  0.9058824 ]
   [0.9058824  0.9058824  0.9058824 ]]

  [[0.9058824  0.9058824  0.9058824 ]
   [0.9058824  0.9058824  0.9058824 ]
   [0.9058824  0.9058824  0.9058824 ]
   ...
   [0.9058824  0.9058824  0.9058824 ]
   [0.9058824  0.9058824  0.9058824 ]
   [0.9058824  0.9058824  0.9058824 ]]

  ...

  [[0.9058824  0.9058824  0.9058824 ]
   [0.9058824  0.9058824  0.9058824 ]
   [0.9058824  0.9058824  0.9058824 ]
   ...
   [0.9058824  0.9058824  0.9058824 ]
   [0.9058824  0.9058824  0.9058824 ]
   [0.9058824  0.9058824  0.9058824 ]]

  [[0.9058824  0.9058824  0.9058824 ]
   [0.9058824  0.9058824  0.9058824 ]
   [0.9058824  0.9058824  0.9058824 ]
   ...
   [0.9058824  0.9058824  0.9058824 ]
   [0.9058824  0.9058824  0.9058824 ]
   [0.9058824  0.9058824  0.9058824 ]]

  [[0.9058824  0.9058824  0.9058824 ]
   [0.9058824  0.9058824  0.9058824 ]
   [0.9058824  0.9058824  0.9058824 ]
   ...
   [0.9058824  0.9058824  0.9058824 ]
   [0.9058824  0.9058824  0.9058824 ]
   [0.9058824  0.9058824  0.9058824 ]]]


 [[[0.91372555 0.91372555 0.91372555]
   [0.91372555 0.91372555 0.91372555]
   [0.91372555 0.91372555 0.91372555]
   ...
   [0.87843144 0.8745099  0.86666673]
   [0.87843144 0.8745099  0.86666673]
   [0.87843144 0.8745099  0.86666673]]

  [[0.91372555 0.91372555 0.91372555]
   [0.91372555 0.91372555 0.91372555]
   [0.91372555 0.91372555 0.91372555]
   ...
   [0.8862746  0.882353   0.8745099 ]
   [0.8862746  0.882353   0.8745099 ]
   [0.882353   0.87843144 0.8705883 ]]

  [[0.909804   0.909804   0.909804  ]
   [0.909804   0.909804   0.909804  ]
   [0.909804   0.909804   0.909804  ]
   ...
   [0.89019614 0.8862746  0.87843144]
   [0.89019614 0.8862746  0.87843144]
   [0.89019614 0.8862746  0.87843144]]

  ...

  [[0.9294118  0.9294118  0.9294118 ]
   [0.9294118  0.9294118  0.9294118 ]
   [0.9294118  0.9294118  0.9294118 ]
   ...
   [0.9215687  0.9176471  0.90196085]
   [0.9215687  0.9176471  0.90196085]
   [0.9215687  0.9176471  0.90196085]]

  [[0.9294118  0.9294118  0.9294118 ]
   [0.9294118  0.9294118  0.9294118 ]
   [0.9294118  0.9294118  0.9294118 ]
   ...
   [0.9215687  0.9176471  0.90196085]
   [0.9215687  0.9176471  0.90196085]
   [0.9215687  0.9176471  0.90196085]]

  [[0.9294118  0.9294118  0.9294118 ]
   [0.9294118  0.9294118  0.9294118 ]
   [0.9294118  0.9294118  0.9294118 ]
   ...
   [0.9215687  0.9176471  0.90196085]
   [0.9215687  0.9176471  0.90196085]
   [0.9215687  0.9176471  0.90196085]]]]